run_date: 2023-03-17 08:43
run_host: Lassen
cl_device: <pyopencl.Device 'Tesla V100-SXM2-16GB' on 'Portable Computing Language' at 0x1034f1458>
num_processors: 64
run_arch: ppc64le
gpu_arch: GV100GL
mirge_version: 70c1a6aa77a0d199104820a9b190e0a7aa5c0b81
driver_version: fb778f46cc5b2a889f9fcbbb8396224297d64cea
time_startup: 770.7248756885529
time_first_step: 1301.7476439476013
time_first_10: 1314.2624588012695
time_second_10: 12.411885499954224
max_python_mem_usage: 2134.25
max_gpu_mem_usage: 8547.625
---
run_date: 2023-03-19 07:10
run_host: Lassen
cl_device: <pyopencl.Device 'Tesla V100-SXM2-16GB' on 'Portable Computing Language' at 0x1034ae348>
num_processors: 64
run_arch: ppc64le
gpu_arch: GV100GL
mirge_version: 70c1a6aa77a0d199104820a9b190e0a7aa5c0b81
driver_version: fb778f46cc5b2a889f9fcbbb8396224297d64cea
time_startup: 782.92760181427
time_first_step: 1256.713654756546
time_first_10: 1269.2520985603333
time_second_10: 12.57557201385498
max_python_mem_usage: 2119.75
max_gpu_mem_usage: 7573.625
---
run_date: 2023-03-19 22:54
run_host: Lassen
cl_device: <pyopencl.Device 'Tesla V100-SXM2-16GB' on 'Portable Computing Language' at 0x1034ae488>
num_processors: 64
run_arch: ppc64le
gpu_arch: GV100GL
mirge_version: 70c1a6aa77a0d199104820a9b190e0a7aa5c0b81
driver_version: fb778f46cc5b2a889f9fcbbb8396224297d64cea
time_startup: 765.5706083774567
time_first_step: 1255.7524862289429
time_first_10: 1268.2873413562775
time_second_10: 12.485303401947021
max_python_mem_usage: 2137.375
max_gpu_mem_usage: 7575.625
---
run_date: 2023-03-23 19:01
run_host: Lassen
cl_device: <pyopencl.Device 'Tesla V100-SXM2-16GB' on 'Portable Computing Language' at 0x10356ede8>
num_processors: 64
run_arch: ppc64le
gpu_arch: GV100GL
mirge_version: 70c1a6aa77a0d199104820a9b190e0a7aa5c0b81
driver_version: fb778f46cc5b2a889f9fcbbb8396224297d64cea
time_startup: 774.8863832950592
time_first_step: 1262.132325410843
time_first_10: 1275.6005408763885
time_second_10: 12.581860065460205
max_python_mem_usage: 2143.9375
max_gpu_mem_usage: 7391.625
---
