run_date: 2023-03-30 09:05
run_host: Lassen
cl_device: <pyopencl.Device 'Tesla V100-SXM2-16GB' on 'Portable Computing Language' at 0x108c2f528>
num_processors: 512
run_arch: ppc64le
gpu_arch: GV100GL
mirge_version: 70c1a6aa77a0d199104820a9b190e0a7aa5c0b81
driver_version: fb778f46cc5b2a889f9fcbbb8396224297d64cea
time_startup: 4016.7098426818848
time_first_step: 2306.319510936737
time_first_10: 2320.5361683368683
time_second_10: 14.509990453720093
max_python_mem_usage: 6139.3125
max_gpu_mem_usage: 7483.625
---
