run_date: 2023-03-24 10:28
run_host: Lassen
cl_device: <pyopencl.Device 'Tesla V100-SXM2-16GB' on 'Portable Computing Language' at 0x105a04918>
num_processors: 256
run_arch: ppc64le
gpu_arch: GV100GL
mirge_version: 70c1a6aa77a0d199104820a9b190e0a7aa5c0b81
driver_version: fb778f46cc5b2a889f9fcbbb8396224297d64cea
time_startup: 1654.4056284427643
time_first_step: 1854.4262421131134
time_first_10: 1868.3345630168915
time_second_10: 12.871682405471802
max_python_mem_usage: 2908.1875
max_gpu_mem_usage: 7493.8125
---
