run_date: 2023-03-24 02:31
run_host: Lassen
cl_device: <pyopencl.Device 'Tesla V100-SXM2-16GB' on 'Portable Computing Language' at 0x1041d7ca8>
num_processors: 128
run_arch: ppc64le
gpu_arch: GV100GL
mirge_version: 70c1a6aa77a0d199104820a9b190e0a7aa5c0b81
driver_version: fb778f46cc5b2a889f9fcbbb8396224297d64cea
time_startup: 1024.0084455013275
time_first_step: 1499.3569679260254
time_first_10: 1512.0532729625702
time_second_10: 12.616405487060547
max_python_mem_usage: 2206.6875
max_gpu_mem_usage: 7401.625
---
run_date: 2023-03-26 16:37
run_host: Lassen
cl_device: <pyopencl.Device 'Tesla V100-SXM2-16GB' on 'Portable Computing Language' at 0x1041d7db8>
num_processors: 128
run_arch: ppc64le
gpu_arch: GV100GL
mirge_version: 70c1a6aa77a0d199104820a9b190e0a7aa5c0b81
driver_version: fb778f46cc5b2a889f9fcbbb8396224297d64cea
time_startup: 984.310286283493
time_first_step: 1500.6363723278046
time_first_10: 1513.2944965362549
time_second_10: 12.557418584823608
max_python_mem_usage: 2205.25
max_gpu_mem_usage: 7475.75
---
